population_id,1970,1971,1972,1973,1974,1975,1976,1977,1978,1979,1980,1981,1982,1983,1984,1985,1986,1987,1988,1989,1990,1991,1992,1993,1994,1995,1996,1997,1998,1999,2000,2001,2002,2003,2004,2005,2006,2007,2008,2009,2010,2011,2012,2013,2014,2015
8954,1,NA,NA,NA,NA,NA,NA,NA,NA,NA,NA,NA,NA,NA,NA,NA,NA,NA,NA,NA,NA,NA,NA,NA,NA,NA,NA,NA,NA,NA,NA,NA,NA,NA,NA,NA,NA,NA,NA,NA,NA,NA,NA,NA,NA,NA
8955,1,NA,NA,NA,NA,NA,NA,NA,NA,NA,NA,NA,NA,NA,NA,NA,NA,NA,NA,NA,NA,NA,NA,NA,NA,NA,NA,NA,NA,NA,NA,NA,NA,NA,NA,NA,NA,NA,NA,NA,NA,NA,NA,NA,NA,NA
8950,1,-0.0969100130080565,-0.0636690798693773,NA,NA,NA,NA,NA,NA,NA,NA,NA,NA,NA,NA,NA,NA,NA,NA,NA,NA,NA,NA,NA,NA,NA,NA,NA,NA,NA,NA,NA,NA,NA,NA,NA,NA,NA,NA,NA,NA,NA,NA,NA,NA,NA
8951,1,-0.460730838531493,0.0871501757189002,NA,NA,NA,NA,NA,NA,NA,NA,NA,NA,NA,NA,NA,NA,NA,NA,NA,NA,NA,NA,NA,NA,NA,NA,NA,NA,NA,NA,NA,NA,NA,NA,NA,NA,NA,NA,NA,NA,NA,NA,NA,NA,NA
8952,1,0.0155121661782476,-0.0234810958495228,NA,NA,NA,NA,NA,NA,NA,NA,NA,NA,NA,NA,NA,NA,NA,NA,NA,NA,NA,NA,NA,NA,NA,NA,NA,NA,NA,NA,NA,NA,NA,NA,NA,NA,NA,NA,NA,NA,NA,NA,NA,NA,NA
8953,1,-0.0280287236002437,-0.0299632233774432,NA,NA,NA,NA,NA,NA,NA,NA,NA,NA,NA,NA,NA,NA,NA,NA,NA,NA,NA,NA,NA,NA,NA,NA,NA,NA,NA,NA,NA,NA,NA,NA,NA,NA,NA,NA,NA,NA,NA,NA,NA,NA,NA
17753,1,NA,NA,NA,NA,NA,NA,NA,NA,NA,NA,NA,NA,NA,NA,NA,NA,NA,NA,NA,-0.469729764032726,-0.214652321792702,-1.55381166118781,1.27673205588197,0.212150309723486,NA,NA,NA,NA,NA,NA,NA,NA,NA,NA,NA,NA,NA,NA,NA,NA,NA,NA,NA,NA,NA
17751,1,NA,NA,NA,NA,NA,NA,NA,NA,NA,NA,NA,NA,NA,NA,NA,NA,NA,NA,NA,NA,NA,NA,NA,NA,NA,NA,NA,NA,NA,NA,NA,NA,NA,NA,NA,NA,NA,NA,NA,0.0455486449293829,NA,NA,NA,NA,NA
17752,1,NA,NA,NA,NA,NA,NA,NA,NA,NA,NA,NA,NA,NA,NA,NA,NA,NA,NA,NA,NA,NA,NA,NA,NA,NA,NA,NA,NA,NA,NA,NA,NA,NA,NA,NA,NA,NA,NA,NA,0.302228050166928,NA,NA,NA,NA,NA
10413,1,0.0527104400140126,0.0527104400140121,-0.02100294657538,0.0652667315125912,NA,NA,NA,NA,NA,NA,NA,NA,NA,NA,NA,NA,NA,NA,NA,NA,NA,NA,NA,NA,NA,NA,NA,NA,NA,NA,NA,NA,NA,NA,NA,NA,NA,NA,NA,NA,NA,NA,NA,NA,NA
11976,1,NA,NA,NA,NA,NA,NA,NA,NA,NA,NA,NA,NA,NA,NA,NA,NA,NA,NA,NA,NA,NA,NA,NA,NA,NA,NA,NA,NA,NA,0.10450791626612,0.0941358201082863,0.073002012852935,0.045338803771485,0.0188341946414683,0.0014607803943476,-0.00187510637020916,0.00767252226235815,0.0224111046448532,0.0324478082496715,NA,NA,NA,NA,NA,NA
11977,1,NA,NA,NA,NA,NA,NA,NA,NA,NA,NA,NA,NA,NA,NA,NA,NA,NA,NA,NA,NA,NA,NA,NA,NA,NA,NA,NA,NA,NA,NA,NA,0.0649408069330146,-0.0122344564170116,NA,NA,NA,NA,NA,NA,NA,NA,NA,NA,NA,NA
919,1,-0.0825412372789849,-0.0825412372789851,-0.0825412372789851,-0.0825412372789849,-0.0825412372789851,-0.0825412372789849,-0.0825412372789851,-0.0825412372789851,-0.0825412372789849,-0.0825412372789851,-0.0825412372789851,-0.0825412372789848,-0.0825412372789851,-0.082541237278985,-0.082541237278985,-0.0825412372789851,-0.0825412372789849,-0.082541237278985,-0.0825412372789849,-0.082541237278985,0,-1.22863652654388,0.952531001876861,0,-0.952531001876861,1.39609128868178,0,0,0,NA,NA,NA,NA,NA,NA,NA,NA,NA,NA,NA,NA,NA,NA,NA,NA
8754,1,NA,NA,NA,NA,NA,NA,NA,NA,NA,NA,NA,NA,0.0621479067488445,0.334836558123185,NA,NA,NA,NA,NA,NA,NA,NA,NA,NA,NA,NA,NA,NA,NA,NA,NA,NA,NA,NA,NA,NA,NA,NA,NA,NA,NA,NA,NA,NA,NA
4634,1,NA,-0.0799625600647713,-0.0799625600647713,-0.0799625600647712,-0.0799625600647713,-0.0799625600647713,-0.0799625600647713,-0.0799625600647712,-0.0799625600647713,-0.0799625600647714,-0.0799625600647712,-0.0799625600647713,-0.0799625600647711,-0.0799625600647714,-0.0799625600647712,-0.129691875063941,-0.129691875063941,-0.129691875063941,-0.129691875063941,-0.129691875063941,-0.129691875063941,NA,NA,NA,NA,NA,NA,NA,NA,NA,NA,NA,NA,NA,NA,NA,NA,NA,NA,NA,NA,NA,NA,NA,NA
956,1,NA,NA,NA,NA,0.0442946617253084,0.0359074445717156,0.0217612547072386,0.00732101373446614,-0.00300216969962297,-0.00821913967732923,-0.00992990798714954,NA,NA,NA,NA,NA,NA,NA,NA,NA,NA,NA,NA,NA,NA,NA,NA,NA,NA,NA,NA,NA,NA,NA,NA,NA,NA,NA,NA,NA,NA,NA,NA,NA,NA
957,1,NA,NA,NA,NA,NA,0.0786097477173089,0.0748229101024296,0.0441423193027852,-0.0190881369047564,-0.0786694975133837,-0.0860344658148167,-0.0328835328005626,0.0360956521637177,0.066901401606507,0.0464309406563472,0.00594895847485288,-0.0174109056797467,-0.0133274630770734,0.00370372582560208,0.0159477687722567,NA,NA,NA,NA,NA,NA,NA,NA,NA,NA,NA,NA,NA,NA,NA,NA,NA,NA,NA,NA,NA,NA,NA,NA,NA
10409,1,NA,NA,NA,NA,0.00368157593208762,0.00328209137463076,0.0041330774086541,0.0101468190930805,0.0229422898074974,0.0343326863141868,0.0284293685587953,-0.00226078626017712,-0.0434214091830245,-0.0682284480834137,-0.0640766904478605,-0.0474819602839243,-0.0486343142762247,-0.0818598406449562,-0.133800944567094,-0.178797985148464,-0.201265342546356,NA,NA,NA,NA,NA,NA,NA,NA,NA,NA,NA,NA,NA,NA,NA,NA,NA,NA,NA,NA,NA,NA,NA,NA
8781,1,NA,NA,NA,NA,NA,-0.00258511055067978,-0.00684550669422945,-0.0155513492554766,-0.0267416355159964,-0.0368430882349364,-0.0427732847720643,-0.0438582763262815,-0.0415277056207138,-0.0361693882009118,-0.0280977384360092,-0.0185560907582116,-0.0077602131573351,0.00407766977775492,0.0144683599394787,0.0191691147009735,0.0172172395157055,0.0080796741718947,-0.0101045501527877,-0.0359536140251695,-0.0650913040528703,-0.0932076980123476,-0.118168900961091,-0.139637882959621,-0.157614644007943,-0.172099184106043,-0.183091503253938,-0.190591601451615,-0.194599478699081,-0.195654200463262,-0.195912028611892,NA,NA,NA,NA,NA,NA,NA,NA,NA,NA
11998,1,NA,NA,NA,NA,NA,NA,NA,NA,-0.263241434774582,0,0,0,0,0,0,0,0,0,0,0,0,0,0,0,0,0.167896050961597,0.167896050961597,NA,NA,NA,NA,NA,NA,NA,NA,NA,NA,NA,NA,NA,NA,NA,NA,NA,NA
11953,1,NA,NA,NA,NA,NA,NA,NA,NA,NA,NA,NA,NA,NA,NA,NA,NA,NA,NA,NA,NA,NA,NA,NA,NA,NA,NA,NA,NA,NA,NA,0.342422680822206,-1.04139268515823,0.778151250383644,0.0669467896306132,0.154901959985743,-0.154901959985743,NA,NA,NA,NA,NA,NA,NA,NA,NA
8956,1,NA,NA,NA,NA,NA,NA,NA,NA,0.0278942786344687,0.0219509507572728,0.0105536668447108,-0.00385912763672969,-0.0181881873748555,-0.0299793465536524,-0.0378544598313393,-0.0415185173386936,NA,NA,NA,NA,NA,NA,NA,NA,NA,NA,NA,NA,NA,NA,NA,NA,NA,NA,NA,NA,NA,NA,NA,NA,NA,NA,NA,NA,NA
11994,1,NA,NA,NA,NA,NA,NA,NA,NA,0.522878745280338,-0.0188143747289988,-0.0188143747289988,-0.0188143747289988,-0.0188143747289988,-0.0188143747289988,-0.0188143747289988,-0.0188143747289988,-0.0188143747289988,-0.0188143747289988,-0.0188143747289988,-0.0188143747289988,-0.0188143747289988,-0.0188143747289988,-0.0188143747289987,-0.0188143747289989,-0.0188143747289987,-0.349485002168009,-0.349485002168009,NA,NA,NA,NA,NA,NA,NA,NA,NA,NA,NA,NA,NA,NA,NA,NA,NA,NA
11963,1,NA,NA,NA,NA,NA,NA,NA,NA,NA,NA,NA,NA,NA,NA,NA,NA,NA,NA,NA,NA,NA,NA,NA,NA,NA,NA,NA,NA,NA,NA,0,0,2.00432137378264,0,-2.00432137378264,0,NA,NA,NA,NA,NA,NA,NA,NA,NA
11995,1,NA,NA,NA,NA,NA,NA,NA,NA,0.176091259055681,0,0,0,0,0,0,0,0,0,0,0,0,0,0,0,0,-0.389075625191822,-0.389075625191822,NA,NA,NA,NA,NA,NA,NA,NA,NA,NA,NA,NA,NA,NA,NA,NA,NA,NA
11966,1,NA,NA,NA,NA,NA,NA,NA,NA,NA,NA,NA,NA,NA,NA,NA,NA,NA,NA,NA,NA,NA,NA,NA,NA,NA,NA,NA,NA,NA,NA,0,0,0,0,0,2.00432137378264,NA,NA,NA,NA,NA,NA,NA,NA,NA
11996,1,NA,NA,NA,NA,NA,NA,NA,NA,0.136219747017989,0.0506459958596903,0.0506459958596903,0.0506459958596903,0.0506459958596903,0.0506459958596903,0.0506459958596903,0.0506459958596903,0.0506459958596903,0.0506459958596901,0.0506459958596903,0.0506459958596903,0.0506459958596903,0.0506459958596905,0.0506459958596901,0.0506459958596905,0.0506459958596901,-0.163841095217711,-0.163841095217711,NA,NA,NA,NA,NA,NA,NA,NA,NA,NA,NA,NA,NA,NA,NA,NA,NA,NA
11958,1,NA,NA,NA,NA,NA,NA,NA,NA,NA,NA,NA,NA,NA,NA,NA,NA,NA,NA,NA,NA,NA,NA,NA,NA,NA,NA,NA,NA,NA,NA,0,0,1.65748079856802,0.770113491991002,-0.770113491991002,0,NA,NA,NA,NA,NA,NA,NA,NA,NA
4541,1,NA,NA,NA,NA,NA,NA,NA,NA,NA,NA,NA,NA,NA,NA,NA,NA,NA,NA,NA,NA,NA,NA,NA,NA,NA,NA,NA,NA,NA,NA,NA,0.288440868355961,0.130688439386015,0.101260637134667,-0.0969977699507798,NA,NA,NA,NA,NA,NA,NA,NA,NA,NA
11997,1,NA,NA,NA,NA,NA,NA,NA,NA,-2.17897694729317,0,0,0,0,0,0,0,0,0,0,0,0,0,0,0,0,0.853785088048968,0.853785088048968,NA,NA,NA,NA,NA,NA,NA,NA,NA,NA,NA,NA,NA,NA,NA,NA,NA,NA
11999,1,NA,NA,NA,NA,NA,NA,NA,NA,1.938090651061,-0.0185031447248795,-0.0185031447248795,-0.0185031447248794,-0.0185031447248795,-0.0185031447248794,-0.0185031447248795,-0.0185031447248794,-0.0185031447248794,-0.0185031447248795,-0.0185031447248795,-0.0185031447248794,-0.0185031447248795,-0.0185031447248794,-0.0185031447248794,-0.0185031447248795,-0.0185031447248794,0.297284447310081,0.297284447310081,NA,NA,NA,NA,NA,NA,NA,NA,NA,NA,NA,NA,NA,NA,NA,NA,NA,NA
12000,1,NA,NA,NA,NA,NA,NA,NA,NA,0,0.0186352096882736,0.0186352096882737,0.0186352096882736,0.0186352096882736,0.0186352096882736,0.0186352096882737,0.0186352096882737,0.0186352096882736,0.0186352096882736,0.0186352096882737,0.0186352096882736,0.0186352096882736,0.0186352096882736,0.0186352096882737,0.0186352096882736,0.0186352096882737,-1.08948847364658,-1.08948847364658,NA,NA,NA,NA,NA,NA,NA,NA,NA,NA,NA,NA,NA,NA,NA,NA,NA,NA
11960,1,NA,NA,NA,NA,NA,NA,NA,NA,NA,NA,NA,NA,NA,NA,NA,NA,NA,NA,NA,NA,NA,NA,NA,NA,NA,NA,NA,NA,NA,NA,1.90848501887865,0,0,0.2983408571532,-2.20682587603185,0,NA,NA,NA,NA,NA,NA,NA,NA,NA
12001,1,NA,NA,NA,NA,NA,NA,NA,NA,-0.471406771195233,0.0185469498552942,0.018546949855294,0.0185469498552942,0.0185469498552941,0.0185469498552942,0.0185469498552941,0.0185469498552941,0.0185469498552942,0.0185469498552941,0.0185469498552941,0.0185469498552941,0.0185469498552941,0.0185469498552942,0.0185469498552941,0.0185469498552941,0.0185469498552941,-1.00216068689132,-1.00216068689132,NA,NA,NA,NA,NA,NA,NA,NA,NA,NA,NA,NA,NA,NA,NA,NA,NA,NA
12002,1,NA,NA,NA,NA,NA,NA,NA,NA,0.0114294617807817,0.00943348579800896,0.00943348579800873,0.00943348579800896,0.00943348579800873,0.00943348579800896,0.00943348579800896,0.00943348579800873,0.00943348579800896,0.00943348579800873,0.00943348579800896,0.00943348579800873,0.00943348579800896,0.00943348579800873,0.00943348579800896,0.00943348579800896,0.00943348579800896,-0.280152621610481,-0.280152621610481,NA,NA,NA,NA,NA,NA,NA,NA,NA,NA,NA,NA,NA,NA,NA,NA,NA,NA
11954,1,NA,NA,NA,NA,NA,NA,NA,NA,NA,NA,NA,NA,NA,NA,NA,NA,NA,NA,NA,NA,NA,NA,NA,NA,NA,NA,NA,NA,NA,NA,1.84488404913439,-1.84488404913439,2.193604322784,-0.253053491338552,0.298532806276522,-0.978025963585741,NA,NA,NA,NA,NA,NA,NA,NA,NA
12003,1,NA,NA,NA,NA,NA,NA,NA,NA,-0.176091259055681,0.01100570369098,0.0110057036909801,0.0110057036909801,0.01100570369098,0.0110057036909801,0.0110057036909801,0.01100570369098,0.0110057036909801,0.0110057036909801,0.01100570369098,0.0110057036909801,0.0110057036909801,0.0110057036909801,0.01100570369098,0.0110057036909801,0.0110057036909801,0,0,NA,NA,NA,NA,NA,NA,NA,NA,NA,NA,NA,NA,NA,NA,NA,NA,NA,NA
12004,1,NA,NA,NA,NA,NA,NA,NA,NA,-0.297809008227897,-0.114398423949597,-0.114398423949597,-0.114398423949597,-0.114398423949597,-0.114398423949597,-0.114398423949597,-0.114398423949597,-0.114398423949597,-0.114398423949597,-0.114398423949597,-0.114398423949597,-0.114398423949597,-0.114398423949597,-0.114398423949597,-0.114398423949597,-0.114398423949597,0,0,NA,NA,NA,NA,NA,NA,NA,NA,NA,NA,NA,NA,NA,NA,NA,NA,NA,NA
8833,1,NA,NA,NA,NA,NA,NA,NA,NA,NA,0.531478917042255,0.427562475278839,0.148168577326775,NA,NA,NA,NA,NA,NA,NA,NA,NA,NA,NA,NA,NA,NA,NA,NA,NA,NA,NA,NA,NA,NA,NA,NA,NA,NA,NA,NA,NA,NA,NA,NA,NA
12517,1,NA,NA,NA,NA,NA,NA,NA,NA,NA,NA,NA,-0.318365557996463,NA,NA,NA,NA,NA,NA,NA,NA,NA,NA,NA,NA,NA,NA,NA,NA,NA,NA,NA,NA,NA,NA,NA,NA,NA,NA,NA,NA,NA,NA,NA,NA,NA
3590,1,NA,NA,NA,NA,NA,NA,NA,NA,NA,NA,NA,NA,0.10509727534981,0.0714776868953095,0.0258778493844274,-0.0071538899840351,-0.0277216784457088,-0.0496781389755536,-0.0699286392274141,-0.0667728960541614,-0.0316234284573869,0.0115712428306542,0.0293742638180885,0.0156025898834631,-0.00604924502416826,-0.0142583031548458,-0.0119418564191822,NA,NA,NA,NA,NA,NA,NA,NA,NA,NA,NA,NA,NA,NA,NA,NA,NA,NA
3591,1,NA,NA,NA,NA,NA,NA,NA,NA,NA,NA,NA,NA,NA,-0.00858130024740289,-0.00858130024752324,-0.0085813002477555,-0.0085813002480335,-0.00858130024826598,-0.00858130024836901,-0.00858130024829351,-0.00858130024803572,-0.00858130024763315,-0.00858130024716286,-0.00858130024672299,-0.0085813002464048,-0.00858130024625203,NA,NA,NA,NA,NA,NA,NA,NA,NA,NA,NA,NA,NA,NA,NA,NA,NA,NA,NA
4826,1,NA,NA,NA,NA,NA,NA,NA,NA,NA,NA,NA,NA,NA,NA,-0.00263056928093894,-0.00269308550355188,-0.00234243770702655,-0.00122995100294776,0.000408178701436279,0.00208194984085525,0.00361002387434839,0.00505452427490219,0.006204557415603,0.00651482758301478,0.00569667906974577,0.00411771212759598,0.00241420030942868,0.000879294516292817,-0.000524016096270341,-0.00168236310730835,-0.00225413939075464,-0.00217077969288049,-0.00188741993301136,NA,NA,NA,NA,NA,NA,NA,NA,NA,NA,NA,NA
4828,1,NA,NA,NA,NA,NA,NA,NA,NA,NA,NA,NA,NA,NA,NA,0.00218306377039312,0.00218306377047173,0.00218306377064698,0.00218306377087391,0.00218306377104677,0.00218306377110217,0.00218306377113564,0.00218306377139632,0.00218306377212374,0.00218306377334787,0.00218306377485239,0.0021830637763276,0.0021830637775852,0.00218306377864452,0.00218306377963706,0.00218306378064587,0.00218306378162775,0.00218306378246019,0.00218306378304228,0.00218306378335942,0.00218306378347649,NA,NA,NA,NA,NA,NA,NA,NA,NA,NA
6240,1,NA,NA,NA,NA,NA,NA,NA,NA,NA,NA,NA,NA,NA,NA,NA,NA,NA,NA,0.369911285071794,-0.412663265492744,0.477121254719663,-0.408040335576364,0.387599175333819,NA,NA,NA,NA,NA,NA,NA,NA,NA,NA,NA,NA,NA,NA,NA,NA,NA,NA,NA,NA,NA,NA
6325,1,NA,NA,NA,NA,NA,NA,NA,NA,NA,NA,NA,NA,NA,NA,-0.39175463174118,NA,NA,NA,NA,NA,NA,NA,NA,NA,NA,NA,NA,NA,NA,NA,NA,NA,NA,NA,NA,NA,NA,NA,NA,NA,NA,NA,NA,NA,NA
12407,1,NA,NA,NA,NA,NA,NA,NA,NA,NA,NA,NA,NA,NA,NA,NA,NA,NA,NA,NA,NA,NA,NA,NA,NA,NA,NA,NA,-0.296874035892823,0.277663777339769,NA,NA,NA,NA,NA,NA,NA,NA,NA,NA,NA,NA,NA,NA,NA,NA
7665,1,NA,NA,NA,NA,NA,NA,NA,NA,NA,NA,NA,NA,NA,NA,0.0684552267393173,0.0684552267393173,-0.258425462659897,-0.258425462659898,-0.258425462659897,-0.258425462659897,-0.258425462659897,-0.258425462659898,-0.258425462659897,-0.258425462659897,NA,NA,NA,NA,NA,NA,NA,NA,NA,NA,NA,NA,NA,NA,NA,NA,NA,NA,NA,NA,NA
7666,1,NA,NA,NA,NA,NA,NA,NA,NA,NA,NA,NA,NA,NA,NA,0.0518747187691808,0.051874718769181,-0.00724899337221085,-0.00724899337221085,-0.00724899337221085,-0.00724899337221063,-0.00724899337221108,-0.00724899337221063,-0.00724899337221085,-0.00724899337221085,NA,NA,NA,NA,NA,NA,NA,NA,NA,NA,NA,NA,NA,NA,NA,NA,NA,NA,NA,NA,NA
7667,1,NA,NA,NA,NA,NA,NA,NA,NA,NA,NA,NA,NA,NA,NA,0,0,0.00933758052777156,0.00933758052777112,0.00933758052777156,0.00933758052777156,0.00933758052777112,0.00933758052777156,0.00933758052777112,0.00933758052777156,NA,NA,NA,NA,NA,NA,NA,NA,NA,NA,NA,NA,NA,NA,NA,NA,NA,NA,NA,NA,NA
7668,1,NA,NA,NA,NA,NA,NA,NA,NA,NA,NA,NA,NA,NA,NA,-0.0304324544117085,-0.0304324544117085,-0.0102833540763627,-0.0102833540763627,-0.0102833540763627,-0.0102833540763627,-0.0102833540763627,-0.0102833540763627,-0.0102833540763627,-0.0102833540763627,NA,NA,NA,NA,NA,NA,NA,NA,NA,NA,NA,NA,NA,NA,NA,NA,NA,NA,NA,NA,NA
12406,1,NA,NA,NA,NA,NA,NA,NA,NA,NA,NA,NA,NA,NA,NA,NA,NA,NA,NA,NA,NA,NA,NA,NA,NA,NA,NA,NA,-0.0984864012430114,-0.594234653816006,NA,NA,NA,NA,NA,NA,NA,NA,NA,NA,NA,NA,NA,NA,NA,NA
7669,1,NA,NA,NA,NA,NA,NA,NA,NA,NA,NA,NA,NA,NA,NA,-0.0367886842648131,-0.0367886842648133,0.0295380832534158,0.0295380832534158,0.0295380832534158,0.0295380832534158,0.0295380832534158,0.0295380832534158,0.0295380832534156,0.0295380832534158,NA,NA,NA,NA,NA,NA,NA,NA,NA,NA,NA,NA,NA,NA,NA,NA,NA,NA,NA,NA,NA
7671,1,NA,NA,NA,NA,NA,NA,NA,NA,NA,NA,NA,NA,NA,NA,1.00216068689132,1.00216068689132,0,0,0,0,0,0,0,0,NA,NA,NA,NA,NA,NA,NA,NA,NA,NA,NA,NA,NA,NA,NA,NA,NA,NA,NA,NA,NA
11991,1,NA,NA,NA,NA,NA,NA,NA,NA,NA,NA,NA,NA,NA,NA,0,0,0,0,0,0,0,0,0,0,0,0,0,0,0,0,0,0,0,0,0,NA,NA,NA,NA,NA,NA,NA,NA,NA,NA
11992,1,NA,NA,NA,NA,NA,NA,NA,NA,NA,NA,NA,NA,NA,NA,-0.0538764180408349,-0.0538764180408347,-0.053876418040835,-0.0538764180408348,-0.0538764180408349,-0.0538764180408349,-0.0538764180408349,-0.0538764180408348,-0.0538764180408349,-0.0538764180408348,-0.053876418040835,-0.0538764180408348,-0.0538764180408349,-0.0538764180408348,-0.0538764180408349,-0.0538764180408349,-0.0538764180408348,-0.0538764180408348,-0.0538764180408349,-0.0538764180408348,-0.0538764180408349,NA,NA,NA,NA,NA,NA,NA,NA,NA,NA
11990,1,NA,NA,NA,NA,NA,NA,NA,NA,NA,NA,NA,NA,NA,NA,NA,NA,NA,NA,NA,NA,NA,NA,0.0071202172191045,0.0071202172191045,0.00712021721910427,0.00712021721910472,0.00712021721910427,0.0071202172191045,0.0071202172191045,0.0071202172191045,0.00712021721910427,0.00712021721910472,0.00712021721910427,0.0071202172191045,0.00712021721910427,0.0071202172191045,0.0071202172191045,0.0071202172191045,0.0071202172191045,NA,NA,NA,NA,NA,NA
925,1,NA,NA,NA,NA,NA,NA,NA,NA,NA,NA,NA,NA,NA,NA,NA,NA,-0.1249387366083,0.176091259055681,0.0599979296752853,-0.0599979296752853,0.1010523457103,0.101052345710299,-0.0212019242765435,-0.0212019242765438,-0.0469965626762234,0.0357155522665344,NA,NA,NA,NA,NA,NA,NA,NA,NA,NA,NA,NA,NA,NA,NA,NA,NA,NA,NA
920,1,NA,NA,NA,NA,NA,NA,NA,NA,NA,NA,NA,NA,NA,NA,NA,NA,NA,0.447158031342219,0.165625825377516,0.127578832774508,-0.0691513490831408,-0.0691513490831408,0.0105946495349691,0.0105946495349691,0.1249387366083,0.0442036624920534,NA,NA,NA,NA,NA,NA,NA,NA,NA,NA,NA,NA,NA,NA,NA,NA,NA,NA,NA
921,1,NA,NA,NA,NA,NA,NA,NA,NA,NA,NA,NA,NA,NA,NA,NA,NA,NA,NA,0.364699075533359,0.0193051551953867,0.0287007358621914,0.0287007358621916,-0.0673492869487284,-0.067349286948728,-0.123062731609545,0.0754210971743179,NA,NA,NA,NA,NA,NA,NA,NA,NA,NA,NA,NA,NA,NA,NA,NA,NA,NA,NA
922,1,NA,NA,NA,NA,NA,NA,NA,NA,NA,NA,NA,NA,NA,NA,NA,NA,NA,NA,0.0771659548122992,-0.403019534201313,0.22987357932512,0.22987357932512,0.0129036318031428,0.0129036318031428,-0.184524426592544,0.158717162986258,NA,NA,NA,NA,NA,NA,NA,NA,NA,NA,NA,NA,NA,NA,NA,NA,NA,NA,NA
923,1,NA,NA,NA,NA,NA,NA,NA,NA,NA,NA,NA,NA,NA,NA,NA,NA,NA,NA,NA,-0.176091259055681,0.272034022175138,0.272034022175138,0,0,-0.146128035678238,-0.0969100130080565,NA,NA,NA,NA,NA,NA,NA,NA,NA,NA,NA,NA,NA,NA,NA,NA,NA,NA,NA
924,1,NA,NA,NA,NA,NA,NA,NA,NA,NA,NA,NA,NA,NA,NA,NA,NA,NA,NA,NA,NA,-0.0131644693611745,-0.0131644693611745,0.0373168091484521,0.0373168091484519,-0.433655560938572,0.301029995663981,NA,NA,NA,NA,NA,NA,NA,NA,NA,NA,NA,NA,NA,NA,NA,NA,NA,NA,NA
8777,1,NA,NA,NA,NA,NA,NA,NA,NA,NA,NA,NA,NA,NA,NA,NA,NA,NA,NA,NA,-0.301029995663981,0.361727836017593,0.163316971019252,0.388769045346872,-0.173451162889473,NA,NA,NA,NA,NA,NA,NA,NA,NA,NA,NA,NA,NA,NA,NA,NA,NA,NA,NA,NA,NA
8778,1,NA,NA,NA,NA,NA,NA,NA,NA,NA,NA,NA,NA,NA,NA,NA,NA,NA,NA,NA,-0.101457640758777,0.16840443038939,0.206054482433125,0.210110346345112,-0.240073569722555,NA,NA,NA,NA,NA,NA,NA,NA,NA,NA,NA,NA,NA,NA,NA,NA,NA,NA,NA,NA,NA
4306,1,NA,NA,NA,NA,NA,NA,NA,NA,NA,NA,NA,NA,NA,NA,NA,NA,NA,NA,NA,NA,0.735399269962694,-0.267421394682901,-0.371067862271736,-0.221848749616356,-0.301029995663981,NA,NA,NA,NA,NA,NA,NA,NA,NA,NA,NA,NA,NA,NA,NA,NA,NA,NA,NA,NA
12521,1,NA,NA,NA,NA,NA,NA,NA,NA,NA,NA,NA,NA,NA,NA,NA,NA,NA,NA,NA,NA,0.0234752199822991,0.0234752199822953,0.0234752199823196,0.023475219982421,0.0234752199826422,0.0234752199829944,0.0234752199834506,0.0234752199839644,0.0234752199844968,0.0234752199850237,0.0234752199855295,0.0234752199859865,0.0234752199863583,0.0234752199866189,0.0234752199867743,0.0234752199868582,0.0234752199869089,0.0234752199869493,0.0234752199869812,0.0234752199869985,NA,NA,NA,NA,NA
4896,1,NA,NA,NA,NA,NA,NA,NA,NA,NA,NA,NA,NA,NA,NA,NA,NA,NA,NA,NA,NA,NA,0.119737542922492,-0.12668640287782,0.194380044767991,-0.141673694251988,-0.21162958443467,NA,NA,NA,NA,NA,NA,NA,NA,NA,NA,NA,NA,NA,NA,NA,NA,NA,NA,NA
7811,1,NA,NA,NA,NA,NA,NA,NA,NA,NA,NA,NA,NA,NA,NA,NA,NA,NA,NA,NA,NA,NA,NA,NA,-0.0342141005311016,-0.0529360751877985,NA,NA,NA,NA,NA,NA,NA,NA,NA,NA,NA,NA,NA,NA,NA,NA,NA,NA,NA,NA
7813,1,NA,NA,NA,NA,NA,NA,NA,NA,NA,NA,NA,NA,NA,NA,NA,NA,NA,NA,NA,NA,NA,NA,NA,-0.160296991872449,0.0511525224473812,NA,NA,NA,NA,NA,NA,NA,NA,NA,NA,NA,NA,NA,NA,NA,NA,NA,NA,NA,NA
9085,1,NA,NA,NA,NA,NA,NA,NA,NA,NA,NA,NA,NA,NA,NA,NA,NA,NA,NA,NA,NA,NA,NA,NA,NA,NA,NA,NA,NA,NA,0.045757490560675,0,NA,NA,NA,NA,NA,NA,NA,NA,NA,NA,NA,NA,NA,NA
11975,1,NA,NA,NA,NA,NA,NA,NA,NA,NA,NA,NA,NA,NA,NA,NA,NA,NA,NA,NA,NA,NA,0.0847973374158397,0.0723672325697828,0.0511130720574209,0.029777028902167,0.0162979448154332,0.0135529833785157,0.0203349178308851,0.0290340770948037,0.0320258641846416,0.0259954761191903,0.0125052051014762,-0.00343520787403895,-0.0162672575400347,-0.024821957317366,-0.0290993072060308,NA,NA,NA,NA,NA,NA,NA,NA,NA
11989,1,NA,NA,NA,NA,NA,NA,NA,NA,NA,NA,NA,NA,NA,NA,NA,NA,NA,NA,NA,NA,NA,NA,NA,NA,NA,-0.0669467896306131,0,-0.0377885608893997,0.0377885608893997,0,0,0,0,0,0,0,0,0,0,0,0,NA,NA,NA,NA
11981,1,NA,NA,NA,NA,NA,NA,NA,NA,NA,NA,NA,NA,NA,NA,NA,NA,NA,NA,NA,NA,NA,NA,NA,NA,NA,NA,NA,-0.00287956787026644,-0.00460927388785626,-0.00592286732822966,-0.00395677738000999,0.00238898653242936,0.0113486113792185,0.0192987610609685,0.0229524085487429,0.0212118461263171,0.0156370495776885,0.00946758539671788,0.00575565380897691,NA,NA,NA,NA,NA,NA
11982,1,NA,NA,NA,NA,NA,NA,NA,NA,NA,NA,NA,NA,NA,NA,NA,NA,NA,NA,NA,NA,NA,NA,NA,NA,NA,NA,NA,-0.00143409619697388,-0.070542622037834,-0.070542622037834,-0.0705426220378342,-0.070542622037834,-0.070542622037834,0.102450900191872,0.0652560193197911,0.0467682841224981,0.0329844523596394,3.71887686172467e-05,0.01109092866592,NA,NA,NA,NA,NA,NA
12416,1,NA,NA,NA,NA,NA,NA,NA,NA,NA,NA,NA,NA,NA,NA,NA,NA,NA,NA,NA,NA,NA,NA,NA,NA,NA,NA,NA,NA,-0.134698573897456,NA,NA,NA,NA,NA,NA,NA,NA,NA,NA,NA,NA,NA,NA,NA,NA
6361,1,NA,NA,NA,NA,NA,NA,NA,NA,NA,NA,NA,NA,NA,NA,NA,NA,NA,NA,NA,NA,NA,NA,NA,NA,NA,NA,NA,NA,NA,0.058308372843709,NA,NA,NA,NA,NA,NA,NA,NA,NA,NA,NA,NA,NA,NA,NA
11957,1,NA,NA,NA,NA,NA,NA,NA,NA,NA,NA,NA,NA,NA,NA,NA,NA,NA,NA,NA,NA,NA,NA,NA,NA,NA,NA,NA,NA,NA,NA,0,-1.96991744855974,1.67351712221158,0,0.595096847390371,-0.124159517813277,NA,NA,NA,NA,NA,NA,NA,NA,NA
11983,1,NA,NA,NA,NA,NA,NA,NA,NA,NA,NA,NA,NA,NA,NA,NA,NA,NA,NA,NA,NA,NA,NA,NA,NA,NA,NA,NA,NA,NA,0.110424044374285,0.108241703291411,0.101347671824219,0.0877818772094494,0.0682669649687289,0.0464910935567708,0.0274630864114769,0.0148430164966606,0.00905202049820786,0.00758930029667892,NA,NA,NA,NA,NA,NA
11955,1,NA,NA,NA,NA,NA,NA,NA,NA,NA,NA,NA,NA,NA,NA,NA,NA,NA,NA,NA,NA,NA,NA,NA,NA,NA,NA,NA,NA,NA,NA,0.465291490753474,-1.85990991931908,0,2.15793143053936,0,-0.0785778795968346,NA,NA,NA,NA,NA,NA,NA,NA,NA
11956,1,NA,NA,NA,NA,NA,NA,NA,NA,NA,NA,NA,NA,NA,NA,NA,NA,NA,NA,NA,NA,NA,NA,NA,NA,NA,NA,NA,NA,NA,NA,0.176091259055681,-0.477121254719662,0.477121254719662,-0.176091259055681,0,-0.301029995663981,NA,NA,NA,NA,NA,NA,NA,NA,NA
11959,1,NA,NA,NA,NA,NA,NA,NA,NA,NA,NA,NA,NA,NA,NA,NA,NA,NA,NA,NA,NA,NA,NA,NA,NA,NA,NA,NA,NA,NA,NA,0,0,0,1.53571596998551,0.688730760350755,-2.22444673033627,NA,NA,NA,NA,NA,NA,NA,NA,NA
11961,1,NA,NA,NA,NA,NA,NA,NA,NA,NA,NA,NA,NA,NA,NA,NA,NA,NA,NA,NA,NA,NA,NA,NA,NA,NA,NA,NA,NA,NA,NA,1.70757017609794,-1.70757017609794,2.17897694729317,-2.17897694729317,0,0,NA,NA,NA,NA,NA,NA,NA,NA,NA
11964,1,NA,NA,NA,NA,NA,NA,NA,NA,NA,NA,NA,NA,NA,NA,NA,NA,NA,NA,NA,NA,NA,NA,NA,NA,NA,NA,NA,NA,NA,NA,-2.00432137378264,0,0,0,2.00432137378264,-2.00432137378264,NA,NA,NA,NA,NA,NA,NA,NA,NA
11965,1,NA,NA,NA,NA,NA,NA,NA,NA,NA,NA,NA,NA,NA,NA,NA,NA,NA,NA,NA,NA,NA,NA,NA,NA,NA,NA,NA,NA,NA,NA,-2.00432137378264,0,0,0,0,0,NA,NA,NA,NA,NA,NA,NA,NA,NA
17696,1,NA,NA,NA,NA,NA,NA,NA,NA,NA,NA,NA,NA,NA,NA,NA,NA,NA,NA,NA,NA,NA,NA,NA,NA,NA,NA,NA,NA,NA,NA,NA,NA,0.0389575909744082,0.0389575909745307,0.0389575909745466,0.0389575909742684,0.0389575909737951,0.0389575909734537,0.0389575909734993,0.0389575909738599,0.038957590974185,NA,NA,NA,NA
17715,1,NA,NA,NA,NA,NA,NA,NA,NA,NA,NA,NA,NA,NA,NA,NA,NA,NA,NA,NA,NA,NA,NA,NA,NA,NA,NA,NA,NA,NA,NA,NA,NA,-0.198657086954423,-0.327902142064283,-0.558154505628881,0.743389144124432,0,-0.141329152796469,NA,NA,NA,NA,NA,NA,NA
17718,1,NA,NA,NA,NA,NA,NA,NA,NA,NA,NA,NA,NA,NA,NA,NA,NA,NA,NA,NA,NA,NA,NA,NA,NA,NA,NA,NA,NA,NA,NA,NA,NA,-0.32735893438633,-0.204119982655925,0.643452676486188,0.237360915794604,-0.734685556602553,0.154901959985743,NA,NA,NA,NA,NA,NA,NA
12385,1,NA,NA,NA,NA,NA,NA,NA,NA,NA,NA,NA,NA,NA,NA,NA,NA,NA,NA,NA,NA,NA,NA,NA,NA,NA,NA,NA,NA,NA,NA,NA,NA,NA,-0.0371418080045667,NA,NA,NA,NA,NA,NA,NA,NA,NA,NA,NA
18036,1,NA,NA,NA,NA,NA,NA,NA,NA,NA,NA,NA,NA,NA,NA,NA,NA,NA,NA,NA,NA,NA,NA,NA,NA,NA,NA,NA,NA,NA,NA,NA,NA,NA,NA,-0.00187856960228872,-0.00027501614309533,0.00880388478614469,0.0292840453781111,0.0569998769535371,0.0809940958048403,0.0910086028689165,0.0845043680234183,0.0676222913855848,0.0504114619375893,0.0406453129581097
18037,1,NA,NA,NA,NA,NA,NA,NA,NA,NA,NA,NA,NA,NA,NA,NA,NA,NA,NA,NA,NA,NA,NA,NA,NA,NA,NA,NA,NA,NA,NA,NA,NA,NA,NA,0.0411537382059997,0.0411537382060692,0.0411537382063876,0.0411537382070739,0.0411537382079994,0.0411537382088505,0.0411537382093845,0.0411537382096008,0.0411537382096716,0.0411537382097311,0.0411537382097837
18038,1,NA,NA,NA,NA,NA,NA,NA,NA,NA,NA,NA,NA,NA,NA,NA,NA,NA,NA,NA,NA,NA,NA,NA,NA,NA,NA,NA,NA,NA,NA,NA,NA,NA,NA,0.0497249162416795,0.0491366008778078,0.0480349643130134,0.0466895076295257,0.045388692335316,0.0442562575180319,0.0432104916838119,0.042092135279636,0.0408773340434863,0.0397914564149553,0.0391685496671956
17914,1,NA,NA,NA,NA,NA,NA,NA,NA,NA,NA,NA,NA,NA,NA,NA,NA,NA,NA,NA,NA,NA,NA,NA,NA,NA,NA,NA,NA,NA,NA,NA,NA,NA,NA,NA,NA,-0.412180447786648,0.159366641633703,0.470722073294503,-0.0826009583127776,-0.0826009583127775,0.0193306489925622,0.0193306489925622,0.0193306489925623,NA
17916,1,NA,NA,NA,NA,NA,NA,NA,NA,NA,NA,NA,NA,NA,NA,NA,NA,NA,NA,NA,NA,NA,NA,NA,NA,NA,NA,NA,NA,NA,NA,NA,NA,NA,NA,NA,NA,NA,NA,NA,NA,NA,0.324511091513504,0.101457640758777,NA,NA
17716,1,NA,NA,NA,NA,NA,NA,NA,NA,NA,NA,NA,NA,NA,NA,NA,NA,NA,NA,NA,NA,NA,NA,NA,NA,NA,NA,NA,NA,NA,NA,NA,NA,NA,-0.118099312077994,0.0389180660303696,0.146128035678238,-0.0467434035423263,0.189056236220049,NA,NA,NA,NA,NA,NA,NA
17717,1,NA,NA,NA,NA,NA,NA,NA,NA,NA,NA,NA,NA,NA,NA,NA,NA,NA,NA,NA,NA,NA,NA,NA,NA,NA,NA,NA,NA,NA,NA,NA,NA,NA,0.00683942453030548,-0.00683942453030548,0.294081135708653,-0.0365168338257625,-0.57978359661681,NA,NA,NA,NA,NA,NA,NA
17719,1,NA,NA,NA,NA,NA,NA,NA,NA,NA,NA,NA,NA,NA,NA,NA,NA,NA,NA,NA,NA,NA,NA,NA,NA,NA,NA,NA,NA,NA,NA,NA,NA,NA,-0.391691059395036,-0.602059991327962,0.330993219041424,0.238882088915137,0.141329152796469,NA,NA,NA,NA,NA,NA,NA
17682,1,NA,NA,NA,NA,NA,NA,NA,NA,NA,NA,NA,NA,NA,NA,NA,NA,NA,NA,NA,NA,NA,NA,NA,NA,NA,NA,NA,NA,NA,NA,NA,NA,NA,NA,NA,NA,NA,NA,NA,0.0552926346576657,NA,NA,NA,NA,NA
17683,1,NA,NA,NA,NA,NA,NA,NA,NA,NA,NA,NA,NA,NA,NA,NA,NA,NA,NA,NA,NA,NA,NA,NA,NA,NA,NA,NA,NA,NA,NA,NA,NA,NA,NA,NA,NA,NA,NA,NA,0.345712806269256,NA,NA,NA,NA,NA
17685,1,NA,NA,NA,NA,NA,NA,NA,NA,NA,NA,NA,NA,NA,NA,NA,NA,NA,NA,NA,NA,NA,NA,NA,NA,NA,NA,NA,NA,NA,NA,NA,NA,NA,NA,NA,NA,NA,NA,NA,0.109621978524194,NA,NA,NA,NA,NA
17686,1,NA,NA,NA,NA,NA,NA,NA,NA,NA,NA,NA,NA,NA,NA,NA,NA,NA,NA,NA,NA,NA,NA,NA,NA,NA,NA,NA,NA,NA,NA,NA,NA,NA,NA,NA,NA,NA,NA,NA,0.204119982655925,NA,NA,NA,NA,NA
17687,1,NA,NA,NA,NA,NA,NA,NA,NA,NA,NA,NA,NA,NA,NA,NA,NA,NA,NA,NA,NA,NA,NA,NA,NA,NA,NA,NA,NA,NA,NA,NA,NA,NA,NA,NA,NA,NA,NA,NA,0.116505569071437,NA,NA,NA,NA,NA
